1 1
2 1
3 2
4 4
5 5
6 10
7 11
8 23
9 25
10 26
11 54
12 57
13 59
14 122
15 133
16 142
17 147
18 304
19 330
20 351
21 362
22 747
23 806
24 880
25 931
26 957
27 1968
28 2105
29 2275
30 2391
31 2450
32 5022
33 5336
34 5733
35 6155
36 6444
37 6591
38 13486
39 14267
40 15252
41 16295
42 17008
43 17370
44 35487
45 37402
46 39835
47 42452
48 45220
49 47108
50 48065
51 98098
52 103128
53 109476
54 116247
55 123363
56 128204
57 130654
58 266330
59 279138
60 295229
61 312453
62 330785
63 349975
64 363010
65 369601
66 752688
67 787032
68 830037
69 875851
70 924406
71 975079
72 1009457
73 1026827
74 2089141
75 2179400
76 2292124
77 2411813
78 2539320
79 2674100
80 2814493
81 2909666
82 2957731
83 6013560
84 6262851
85 6573553
86 6902404
87 7251490
88 7619304
89 8001525
90 8260383
91 8391037
92 17048404
93 17724526
94 18565223
95 19452043
96 20390510
97 21383723
98 22427493
99 23510079
100 24242690
101 24612291
102 49977270
103 51886591
104 54256348
105 56749268
106 59379562
107 62154898
108 65063840
109 68075203
110 70111487
111 71138314
112 144365769
113 149661137
114 156221802
115 163105139
116 170348396
117 177973629
118 186001542
119 194399801
120 203081691
121 208949088
122 211906819
123 429827198
124 445061340
125 463911304
126 483650112
127 504377559
128 526150757
129 549023076
130 572904288
131 597557233
132 614208653
133 622599690
134 1262247784
135 1305411751
136 1358749904
137 1414491696
138 1472899472
139 1534125748
140 1598327474
141 1665648769
142 1735829031
143 1808194091
144 1857049072
145 1881661363
146 3813299996
147 3939776148
148 4095896357
149 4258788564
150 4429173742
151 4607457470
152 4794055770
153 4989349711
154 5192600241
155 5401925245
156 5543175046
157 5614313360
158 11372992489
159 11738157709
160 12188406417
161 12657394495
162 13147069832
163 13658496996
164 14192820563
165 14751195535
166 15334678569
167 15941109149
168 16565046747
169 16985902654
170 17197809473
171 34825446144
172 35912241501
173 37251041343
174 38643664099
175 40095603074
176 41609781502
177 43189332894
178 44837411015
179 46556895612
180 48341565786
181 50175931362
182 51412739705
183 52035339395
184 105332926574
185 108523185799
186 112449595238
187 116528248589
188 120774389661
189 125195906577
190 129801259271
191 134599361262
192 139599166536
193 144808838427
194 150209910621
195 155756815147
196 159495525582
197 161377186945
198 326567673886
199 336202411393
200 348051383894
201 360345844963
202 373129703626
203 386425123402
204 400255810384
205 414646673335
206 429622679057
207 445206554254
208 461344254786
209 477903668437
210 489061156843
211 494675470203
212 1000723932895
213 1029449396453
214 1064748953068
215 1101332911689
216 1139325782433
217 1178788743756
218 1219787131147
219 1262389644241
220 1306668338908
221 1352695322161
222 1400536156626
223 1450028215176
224 1500776974050
225 1534960686177
226 1552158495650
227 3139142437444
228 3227077934562
229 3335066663550
230 3446873610493
231 3562863919009
232 3683212967684
233 3808107685154
234 3937744210565
235 4072327850086
236 4212063722499
237 4357138115259
238 4507068352112
239 4660692362574
240 4764140441674
241 4816175781069
242 9737684488712
243 10003575940480
244 10329881648091
245 10667382677717
246 11017134911205
247 11379633456032
248 11755405011541
249 12145001538651
250 12549001325720
251 12968008691945
252 13402626607529
253 13853402171724
254 14318864423074
255 14795493950748
256 15116366663275
257 15277743850220
258 30882055374326
259 31706202646550
260 32717024115723
261 33761623755973
262 34843150688456
263 35963051360447
264 37122861997859
265 38324189604980
266 39568714767756
267 40858190674402
268 42194364162499
269 43578818639976
270 45007127720042
271 46468768015525
272 47452504642571
273 47947180112774
274 96895084158443
275 99419932957994
276 102514855240410
277 105710386501620
278 109015794148810
279 112435241586688
280 115973143244024
281 119634108763168
282 123422953877464
283 127344707182774
284 131404607000469
285 135607866694432
286 139959208040284
287 144444973915687
288 149032870071564
289 152119989253391
290 153672147749041
291 310483437935526
292 318401816803182
293 328103103838738
294 338112122047343
295 348456926240395
296 359149876737581
297 370204061309428
298 381633126172831
299 393451305918636
300 405673441701786
